1.000,0.000,0.000,0.000,-0.077,0.006,-1.024,0.000,0.000,0.000
1.000,0.016,-0.015,0.009,-0.079,0.006,-1.029,246.325,118.216,-418.696
0.999,0.033,-0.030,0.017,-0.079,0.004,-1.025,256.403,109.573,-413.158
0.997,0.050,-0.045,0.024,-0.080,0.008,-1.032,245.091,100.298,-409.462
0.996,0.068,-0.059,0.030,-0.077,0.006,-1.030,245.734,112.189,-412.653
0.993,0.085,-0.074,0.035,-0.079,0.004,-1.031,247.267,107.781,-411.179
0.990,0.103,-0.088,0.039,-0.078,0.003,-1.033,233.299,113.295,-413.509
0.986,0.121,-0.103,0.042,-0.078,0.004,-1.027,247.397,101.970,-416.995
0.982,0.139,-0.117,0.045,-0.081,0.007,-1.029,254.263,116.725,-402.829
0.978,0.157,-0.132,0.048,-0.080,0.004,-1.032,250.502,107.787,-405.437
0.972,0.174,-0.147,0.050,-0.077,0.004,-1.024,243.788,110.625,-411.049
0.967,0.191,-0.161,0.051,-0.079,0.006,-1.030,236.612,101.627,-416.434
0.961,0.209,-0.176,0.052,-0.080,0.005,-1.027,239.948,113.362,-404.989
0.954,0.225,-0.191,0.053,-0.076,0.006,-1.027,245.720,120.959,-406.893
0.947,0.242,-0.206,0.054,-0.078,0.005,-1.024,242.305,120.898,-409.671
0.939,0.258,-0.222,0.054,-0.079,0.005,-1.022,253.916,107.847,-402.659
0.931,0.274,-0.237,0.055,-0.078,0.005,-1.033,246.856,101.808,-408.101
0.922,0.289,-0.253,0.055,-0.076,0.003,-1.028,240.489,113.524,-413.883
0.912,0.305,-0.268,0.054,-0.078,0.004,-1.029,247.795,116.712,-414.314
0.903,0.319,-0.284,0.054,-0.078,0.003,-1.027,251.107,105.044,-417.239
0.892,0.333,-0.299,0.053,-0.080,0.005,-1.025,239.537,107.390,-401.911
0.882,0.347,-0.315,0.052,-0.077,0.006,-1.027,243.428,110.517,-405.119
0.871,0.361,-0.331,0.052,-0.079,0.007,-1.026,238.132,105.988,-409.201
0.859,0.374,-0.346,0.050,-0.076,0.007,-1.030,230.891,99.895,-411.678
0.847,0.386,-0.362,0.049,-0.081,0.007,-1.033,234.292,108.724,-403.141
0.834,0.399,-0.377,0.048,-0.078,0.003,-1.029,234.769,111.792,-409.127
0.821,0.411,-0.393,0.047,-0.076,0.006,-1.029,234.898,105.982,-414.943
0.808,0.423,-0.408,0.045,-0.078,0.006,-1.022,241.482,108.953,-403.515
0.794,0.434,-0.423,0.044,-0.077,0.004,-1.026,250.206,104.774,-402.415
0.780,0.445,-0.438,0.042,-0.080,0.005,-1.029,227.643,108.658,-411.661
0.765,0.456,-0.453,0.041,-0.079,0.005,-1.029,242.268,106.265,-418.282
0.751,0.466,-0.467,0.039,-0.079,0.004,-1.027,243.802,101.856,-416.808
0.735,0.476,-0.481,0.038,-0.075,0.002,-1.027,258.399,117.002,-411.911
0.719,0.486,-0.495,0.036,-0.078,0.008,-1.028,245.091,100.298,-409.462
0.703,0.495,-0.509,0.034,-0.080,0.005,-1.027,227.990,117.535,-411.831
0.687,0.504,-0.522,0.033,-0.074,0.002,-1.025,245.849,115.148,-412.710
0.670,0.513,-0.536,0.031,-0.081,0.005,-1.030,244.495,119.611,-417.148
0.653,0.521,-0.548,0.030,-0.078,0.009,-1.025,250.964,119.624,-405.663
0.636,0.529,-0.561,0.028,-0.078,0.006,-1.028,245.026,103.204,-406.553
0.618,0.537,-0.573,0.026,-0.078,0.005,-1.031,243.968,110.679,-414.014
0.601,0.545,-0.585,0.025,-0.078,0.005,-1.028,243.673,107.666,-410.992
0.583,0.552,-0.596,0.023,-0.078,0.004,-1.029,245.978,109.338,-418.526
0.564,0.559,-0.607,0.022,-0.080,0.004,-1.027,240.424,116.429,-410.975
0.546,0.565,-0.618,0.021,-0.080,0.003,-1.029,239.846,101.633,-410.692
0.527,0.572,-0.628,0.020,-0.078,0.006,-1.025,237.139,110.559,-419.569
0.509,0.578,-0.638,0.018,-0.081,0.005,-1.028,244.962,106.109,-403.645
0.490,0.583,-0.648,0.017,-0.076,0.006,-1.023,234.537,105.873,-409.014
0.471,0.589,-0.657,0.017,-0.078,0.002,-1.025,233.119,113.241,-410.544
0.451,0.594,-0.666,0.016,-0.077,0.005,-1.024,238.261,100.178,-415.017
0.432,0.599,-0.674,0.015,-0.078,0.007,-1.025,229.293,107.208,-410.244
0.413,0.604,-0.682,0.014,-0.080,0.005,-1.025,232.708,107.269,-407.466
0.394,0.608,-0.689,0.014,-0.079,0.008,-1.029,247.628,107.889,-417.109
0.375,0.613,-0.696,0.014,-0.079,0.008,-1.032,255.811,103.547,-407.115
0.355,0.617,-0.702,0.014,-0.077,0.006,-1.026,247.665,122.523,-408.498
0.337,0.620,-0.708,0.014,-0.080,0.005,-1.029,234.422,102.914,-408.957
0.318,0.624,-0.714,0.014,-0.079,0.005,-1.025,246.958,113.537,-402.398
0.299,0.627,-0.719,0.015,-0.082,0.003,-1.025,245.077,109.068,-403.702
0.281,0.631,-0.723,0.016,-0.080,0.003,-1.026,240.424,116.429,-410.975
0.263,0.634,-0.727,0.017,-0.076,0.006,-1.027,243.312,107.558,-405.062
0.246,0.636,-0.731,0.017,-0.078,0.006,-1.028,248.362,114.939,-395.108
0.229,0.639,-0.734,0.019,-0.079,0.006,-1.028,235.891,101.411,-404.575
0.213,0.642,-0.737,0.020,-0.080,0.007,-1.027,232.361,98.391,-407.296
0.197,0.644,-0.739,0.021,-0.078,0.005,-1.024,231.123,105.813,-411.791
0.183,0.646,-0.740,0.023,-0.078,0.007,-1.032,254.277,107.955,-408.588
0.169,0.648,-0.742,0.024,-0.077,0.004,-1.024,220.236,93.741,-416.933
0.157,0.650,-0.743,0.025,-0.077,0.005,-1.030,251.855,103.324,-400.998
0.145,0.652,-0.743,0.027,-0.078,0.003,-1.027,235.956,98.506,-407.483
0.135,0.654,-0.744,0.028,-0.079,0.005,-1.025,236.469,116.207,-404.858
0.125,0.656,-0.744,0.030,-0.078,0.008,-1.027,238.197,103.083,-412.109
0.117,0.658,-0.743,0.032,-0.078,0.008,-1.033,245.669,115.094,-409.745
0.109,0.660,-0.742,0.033,-0.077,0.006,-1.031,256.403,109.573,-413.158
0.103,0.662,-0.742,0.035,-0.079,0.004,-1.028,234.473,108.779,-406.105
0.097,0.664,-0.741,0.036,-0.079,0.001,-1.024,253.155,118.337,-413.141
0.092,0.665,-0.740,0.037,-0.079,0.007,-1.028,239.431,121.000,-421.343
0.087,0.667,-0.739,0.038,-0.077,0.004,-1.030,248.737,106.277,-406.797
0.083,0.669,-0.738,0.039,-0.078,0.005,-1.026,241.843,109.061,-409.445
0.079,0.670,-0.737,0.039,-0.081,0.008,-1.027,243.312,107.558,-405.062
0.076,0.672,-0.735,0.040,-0.080,0.004,-1.024,246.907,107.672,-405.250
0.073,0.674,-0.734,0.041,-0.079,0.007,-1.024,246.274,112.351,-421.547
0.071,0.675,-0.733,0.042,-0.081,0.006,-1.025,243.853,107.720,-413.957
0.069,0.677,-0.731,0.042,-0.078,0.007,-1.023,229.344,113.073,-407.392
0.067,0.679,-0.730,0.043,-0.080,0.005,-1.029,240.027,101.687,-413.656
0.065,0.680,-0.729,0.043,-0.078,0.006,-1.028,245.683,106.325,-415.504
0.064,0.682,-0.727,0.043,-0.078,0.005,-1.029,245.257,109.122,-406.667
0.063,0.683,-0.726,0.044,-0.077,0.007,-1.026,248.492,109.128,-400.924
0.061,0.685,-0.725,0.044,-0.076,0.008,-1.027,243.377,104.653,-407.970
0.060,0.686,-0.723,0.044,-0.077,0.004,-1.028,241.085,94.211,-406.196
0.059,0.688,-0.722,0.044,-0.080,0.006,-1.029,247.332,104.876,-414.087
0.059,0.689,-0.721,0.044,-0.081,0.004,-1.027,235.632,113.031,-392.942
0.058,0.691,-0.719,0.044,-0.078,0.006,-1.027,249.083,115.155,-406.967
0.057,0.693,-0.718,0.044,-0.076,0.006,-1.025,241.547,106.048,-406.423
0.056,0.694,-0.716,0.044,-0.079,0.005,-1.026,249.162,103.480,-415.635
0.056,0.695,-0.715,0.044,-0.079,0.005,-1.028,239.731,98.674,-410.635
0.055,0.697,-0.714,0.044,-0.079,0.007,-1.025,238.479,114.865,-409.371
0.055,0.698,-0.713,0.044,-0.074,0.005,-1.029,242.564,109.278,-421.304
0.054,0.699,-0.711,0.044,-0.078,0.004,-1.025,242.952,107.450,-399.133
0.054,0.701,-0.710,0.044,-0.079,0.007,-1.022,241.625,94.374,-415.091
0.053,0.702,-0.709,0.044,-0.080,0.004,-1.024,238.608,109.055,-415.187
0.053,0.703,-0.707,0.044,-0.080,0.005,-1.028,234.537,105.873,-409.014
0.052,0.705,-0.706,0.044,-0.080,0.005,-1.025,246.611,104.659,-402.228
0.052,0.706,-0.705,0.044,-0.077,0.008,-1.027,239.010,98.458,-398.776
0.051,0.707,-0.704,0.044,-0.079,0.005,-1.022,242.435,115.088,-415.487
0.051,0.708,-0.703,0.043,-0.078,0.005,-1.026,236.432,101.573,-413.469
0.051,0.709,-0.702,0.043,-0.078,0.005,-1.028,240.078,107.552,-410.805
0.050,0.711,-0.700,0.043,-0.080,0.003,-1.024,250.747,104.936,-411.310
0.050,0.712,-0.699,0.043,-0.075,0.006,-1.026,236.007,104.370,-404.632
0.050,0.713,-0.698,0.043,-0.076,0.004,-1.024,250.747,104.936,-411.310
0.049,0.714,-0.697,0.043,-0.078,0.005,-1.029,228.817,104.141,-404.257
0.049,0.715,-0.696,0.043,-0.081,0.006,-1.025,237.721,100.015,-406.122
0.049,0.716,-0.695,0.043,-0.078,0.003,-1.025,237.850,94.205,-411.939
0.049,0.717,-0.694,0.043,-0.077,0.005,-1.026,230.762,105.705,-405.862
0.048,0.718,-0.693,0.043,-0.078,0.006,-1.028,241.547,106.048,-406.423
0.048,0.719,-0.692,0.043,-0.077,0.006,-1.028,250.437,110.692,-402.529
0.048,0.720,-0.691,0.043,-0.077,0.001,-1.033,245.091,100.298,-409.462
0.048,0.722,-0.689,0.042,-0.077,0.003,-1.030,252.383,112.256,-404.133
0.047,0.723,-0.688,0.042,-0.079,0.006,-1.022,245.026,103.204,-406.553
0.047,0.723,-0.687,0.042,-0.078,0.005,-1.021,250.747,104.936,-411.310
0.047,0.725,-0.686,0.042,-0.077,0.008,-1.028,227.643,108.658,-411.661
0.047,0.726,-0.685,0.042,-0.077,0.006,-1.028,250.206,104.774,-402.415
0.046,0.727,-0.684,0.041,-0.081,0.007,-1.029,246.842,110.578,-402.341
0.046,0.728,-0.683,0.041,-0.073,0.003,-1.034,247.203,110.686,-408.271
0.045,0.728,-0.682,0.042,-0.094,-0.072,-1.025,241.431,103.089,-406.366
0.045,0.729,-0.682,0.041,-0.079,0.000,-1.024,256.171,103.655,-413.044
0.045,0.729,-0.681,0.041,-0.079,0.004,-1.030,250.617,110.746,-405.493
0.044,0.730,-0.681,0.042,-0.078,-0.023,-1.024,247.720,103.048,-391.917
0.044,0.730,-0.680,0.041,-0.077,0.014,-1.031,239.795,95.769,-413.543
0.044,0.731,-0.679,0.041,-0.078,0.000,-1.026,244.962,106.109,-403.645
0.044,0.732,-0.678,0.041,-0.078,-0.002,-1.022,227.579,111.563,-408.753
0.044,0.734,-0.676,0.041,-0.081,0.018,-1.028,229.293,107.208,-410.244
0.044,0.737,-0.673,0.040,-0.079,0.001,-1.023,237.707,108.785,-400.363
0.044,0.739,-0.671,0.040,-0.075,0.013,-1.026,234.241,102.860,-405.992
0.043,0.741,-0.669,0.039,-0.061,-0.004,-1.027,227.361,96.875,-414.399
0.041,0.742,-0.668,0.038,-0.036,0.000,-1.029,253.750,99.024,-405.454
0.032,0.743,-0.668,0.037,-0.016,-0.130,-1.028,254.036,85.467,-388.986
0.025,0.742,-0.669,0.043,-0.066,0.026,-1.073,252.437,92.781,-387.552
0.032,0.739,-0.670,0.059,-0.396,-0.219,-1.420,272.306,89.053,-392.943
0.027,0.735,-0.674,0.061,-0.078,-0.091,-1.135,267.875,85.763,-380.840
0.006,0.730,-0.682,0.045,0.004,0.044,-1.035,267.902,68.224,-392.359
0.001,0.728,-0.685,0.025,0.061,-0.083,-0.902,286.962,43.782,-397.353
0.004,0.729,-0.683,0.035,-0.044,-0.179,-0.964,270.984,50.637,-395.171
0.005,0.727,-0.685,0.049,-0.125,-0.062,-1.104,300.903,55.806,-383.505
0.008,0.723,-0.688,0.058,-0.098,-0.079,-1.143,281.214,59.588,-381.078
-0.006,0.723,-0.688,0.057,0.088,-0.086,-1.139,304.664,64.744,-380.897
-0.042,0.729,-0.681,0.054,-0.040,-0.204,-1.004,307.215,63.565,-394.304
-0.081,0.731,-0.676,0.044,0.025,-0.116,-1.079,325.465,18.408,-398.902
-0.116,0.732,-0.671,0.021,0.166,-0.055,-1.107,343.444,-6.359,-386.107
-0.172,0.733,-0.658,-0.002,0.215,-0.341,-1.042,381.332,-61.162,-395.983
-0.233,0.726,-0.647,-0.029,0.358,-0.384,-0.821,387.652,-104.082,-379.323
-0.241,0.727,-0.638,-0.070,0.447,-0.208,-0.760,373.766,-135.581,-376.590
-0.247,0.727,-0.630,-0.115,0.416,-0.199,-0.982,344.095,-168.940,-380.400
-0.274,0.719,-0.620,-0.153,0.578,-0.232,-0.932,341.344,-216.557,-364.669
-0.335,0.693,-0.612,-0.181,0.670,-0.301,-0.738,351.670,-253.390,-351.274
-0.383,0.668,-0.599,-0.220,0.594,-0.208,-0.608,361.381,-304.049,-306.587
-0.424,0.640,-0.583,-0.266,0.779,-0.194,-0.484,345.641,-341.953,-277.058
-0.468,0.607,-0.563,-0.309,0.818,-0.205,-0.244,350.158,-385.413,-230.749
-0.506,0.573,-0.537,-0.358,0.914,-0.050,-0.329,342.948,-418.782,-191.396
-0.536,0.541,-0.513,-0.396,0.866,-0.212,-0.149,325.429,-449.426,-157.468
-0.570,0.496,-0.479,-0.447,0.872,0.015,0.475,317.804,-447.825,-89.148
-0.581,0.475,-0.463,-0.472,0.920,-0.133,0.069,314.560,-464.401,-75.401
-0.583,0.462,-0.454,-0.490,0.838,-0.059,0.368,309.638,-461.989,-51.552
-0.585,0.451,-0.444,-0.508,1.046,-0.067,0.402,309.768,-467.799,-57.368
-0.577,0.460,-0.451,-0.502,1.010,-0.119,0.185,319.263,-465.898,-65.276
-0.566,0.472,-0.462,-0.494,0.973,-0.074,0.210,302.938,-467.920,-62.924
-0.552,0.488,-0.471,-0.485,1.050,-0.147,0.195,322.032,-452.390,-73.037
-0.533,0.508,-0.486,-0.470,0.955,-0.135,0.056,300.218,-465.828,-105.661
-0.512,0.528,-0.504,-0.454,1.010,-0.093,0.033,306.207,-459.147,-141.539
-0.482,0.553,-0.520,-0.437,0.954,-0.089,-0.025,299.850,-430.861,-166.810
-0.449,0.578,-0.544,-0.409,0.820,-0.105,-0.321,304.965,-441.988,-199.384
-0.418,0.600,-0.562,-0.385,0.891,-0.084,-0.272,298.608,-413.703,-224.655
-0.382,0.625,-0.578,-0.359,0.793,-0.040,-0.516,292.381,-391.227,-255.743
-0.355,0.645,-0.589,-0.334,0.817,-0.067,-0.493,298.112,-372.925,-279.988
-0.328,0.666,-0.593,-0.312,0.837,-0.158,-0.522,280.841,-339.173,-298.882
-0.295,0.682,-0.608,-0.280,0.629,-0.021,-0.589,300.022,-318.747,-337.152
-0.263,0.697,-0.620,-0.246,0.658,-0.083,-0.616,293.046,-278.949,-344.862
-0.228,0.713,-0.630,-0.209,0.519,-0.069,-0.613,286.999,-256.419,-378.914
-0.171,0.733,-0.639,-0.155,0.360,-0.057,-0.903,296.899,-182.265,-377.741
-0.127,0.746,-0.643,-0.114,0.431,-0.051,-0.848,282.678,-123.220,-401.657
-0.079,0.755,-0.648,-0.063,0.305,-0.104,-1.118,271.849,-71.916,-397.547
-0.045,0.754,-0.654,-0.023,0.111,-0.017,-1.071,273.698,-24.569,-398.453
-0.016,0.753,-0.657,0.014,-0.011,-0.066,-1.097,292.751,17.270,-391.288
0.012,0.751,-0.658,0.051,-0.095,-0.087,-1.144,291.522,56.864,-375.653
0.023,0.748,-0.660,0.075,-0.117,-0.059,-1.172,291.495,74.403,-364.134
0.026,0.745,-0.660,0.087,-0.144,-0.058,-1.003,296.971,78.987,-363.017
0.037,0.744,-0.659,0.102,-0.142,-0.063,-0.936,284.264,100.483,-346.481
0.051,0.742,-0.657,0.119,-0.212,-0.070,-0.937,299.864,127.627,-350.704
0.071,0.739,-0.652,0.153,-0.324,-0.096,-0.914,317.669,160.318,-328.545
0.096,0.734,-0.643,0.198,-0.418,-0.120,-0.889,311.791,181.935,-306.453
0.127,0.727,-0.633,0.235,-0.537,-0.104,-0.893,311.723,225.782,-277.655
0.165,0.717,-0.617,0.279,-0.614,-0.170,-0.924,299.852,266.056,-233.416
0.199,0.704,-0.601,0.320,-0.685,-0.125,-0.712,286.401,279.536,-179.771
0.248,0.684,-0.580,0.365,-0.769,-0.080,-0.587,282.030,314.283,-144.687
0.290,0.661,-0.559,0.408,-0.903,-0.146,-0.711,278.061,338.433,-93.191
0.327,0.638,-0.537,0.445,-0.960,-0.049,-0.462,277.506,362.643,-38.917
0.371,0.604,-0.503,0.495,-1.045,-0.063,-0.285,261.698,368.586,19.410
0.413,0.570,-0.475,0.528,-1.047,-0.036,-0.430,253.453,366.097,65.673
0.445,0.547,-0.451,0.548,-0.942,-0.009,-0.158,244.373,360.432,123.852
0.467,0.525,-0.430,0.567,-1.021,-0.022,-0.043,242.301,339.339,145.002
0.483,0.513,-0.411,0.579,-1.042,0.047,-0.020,237.265,338.792,168.908
0.491,0.500,-0.395,0.594,-1.056,-0.008,0.185,241.686,325.512,176.294
0.491,0.486,-0.383,0.613,-1.031,-0.038,0.159,230.296,327.912,188.658
0.486,0.495,-0.383,0.610,-1.042,0.036,0.046,229.048,318.764,203.652
0.476,0.507,-0.386,0.605,-1.044,-0.018,0.213,245.073,343.112,190.591
0.466,0.517,-0.391,0.603,-1.054,0.010,0.045,238.193,337.127,182.184
0.449,0.540,-0.407,0.584,-1.070,0.007,0.016,249.709,354.256,150.274
0.427,0.566,-0.427,0.561,-1.005,0.002,-0.030,246.512,353.281,113.523
0.395,0.601,-0.453,0.526,-1.054,0.003,-0.224,271.118,372.425,73.518
0.354,0.637,-0.479,0.489,-1.060,-0.086,-0.252,275.601,365.977,24.647
0.324,0.669,-0.492,0.452,-0.992,0.009,-0.414,262.881,365.036,-32.296
0.291,0.701,-0.503,0.414,-0.885,-0.086,-0.485,256.219,358.136,-74.676
0.263,0.727,-0.511,0.376,-0.840,0.001,-0.570,273.728,356.608,-128.734
0.227,0.755,-0.515,0.337,-0.689,-0.025,-0.761,260.535,327.261,-165.962
0.184,0.777,-0.524,0.296,-0.697,-0.042,-0.775,259.944,305.631,-199.538
0.144,0.797,-0.529,0.252,-0.606,0.030,-0.888,258.632,268.183,-260.875
0.101,0.812,-0.535,0.210,-0.482,-0.125,-0.962,275.243,241.045,-286.379
0.063,0.821,-0.544,0.161,-0.420,-0.064,-1.025,277.206,192.897,-319.633
0.018,0.828,-0.549,0.115,-0.233,-0.068,-0.970,283.577,140.239,-339.741
-0.018,0.832,-0.548,0.083,-0.127,-0.145,-0.998,293.049,118.737,-362.019
-0.035,0.836,-0.545,0.054,-0.066,-0.079,-0.939,297.447,82.054,-369.004
-0.050,0.838,-0.542,0.037,-0.030,-0.298,-1.190,301.582,82.331,-378.085
-0.060,0.839,-0.541,0.026,0.023,-0.090,-0.900,291.407,53.905,-375.597
-0.048,0.839,-0.541,0.022,-0.013,-0.076,-1.041,278.571,65.608,-392.864
-0.029,0.840,-0.541,0.022,-0.016,-0.106,-1.071,289.754,80.694,-390.743
-0.003,0.839,-0.543,0.028,-0.054,-0.078,-0.933,257.321,91.338,-380.392
0.034,0.837,-0.546,0.024,-0.035,0.033,-1.003,230.221,105.543,-396.967
0.080,0.834,-0.546,0.016,-0.144,0.135,-1.081,203.819,112.163,-400.153
0.125,0.828,-0.547,0.011,-0.170,0.195,-0.949,156.115,138.649,-393.718
0.170,0.820,-0.547,-0.001,-0.256,0.335,-1.072,121.982,144.879,-387.635
0.208,0.813,-0.543,-0.017,-0.221,0.390,-0.915,107.228,153.082,-375.198
0.239,0.808,-0.538,-0.030,-0.179,0.368,-0.854,56.077,139.535,-366.422
0.271,0.799,-0.535,-0.043,-0.237,0.453,-0.909,22.161,160.452,-354.693
0.309,0.787,-0.531,-0.060,-0.222,0.503,-0.734,5.115,158.214,-340.481
0.346,0.774,-0.525,-0.076,-0.255,0.635,-0.779,-32.858,167.180,-328.338
0.386,0.760,-0.515,-0.092,-0.266,0.729,-0.669,-75.868,175.600,-292.290
0.416,0.746,-0.510,-0.102,-0.311,0.738,-0.643,-84.592,179.779,-293.389
0.444,0.732,-0.502,-0.122,-0.231,0.728,-0.617,-101.753,174.582,-279.121
0.477,0.716,-0.489,-0.145,-0.289,0.874,-0.479,-141.903,176.066,-265.260
0.509,0.697,-0.477,-0.167,-0.256,1.074,-0.395,-164.037,167.417,-229.994
0.532,0.685,-0.462,-0.186,-0.240,0.878,-0.408,-175.131,172.829,-220.652
0.553,0.673,-0.445,-0.208,-0.170,0.937,-0.311,-201.890,154.003,-204.178
0.574,0.659,-0.429,-0.227,-0.204,1.053,-0.227,-232.041,158.519,-176.111
0.587,0.654,-0.411,-0.243,-0.170,0.937,-0.200,-249.600,138.580,-164.524
0.593,0.651,-0.398,-0.255,-0.104,0.933,-0.217,-251.375,120.500,-146.395
0.598,0.648,-0.392,-0.262,-0.095,0.944,-0.205,-269.595,122.779,-139.587
0.600,0.646,-0.390,-0.265,-0.083,1.006,-0.198,-269.840,125.630,-133.714
0.601,0.645,-0.387,-0.271,-0.089,0.984,-0.140,-263.708,133.335,-141.548
0.601,0.644,-0.385,-0.275,-0.107,0.942,-0.142,-268.408,109.493,-137.943
0.603,0.640,-0.386,-0.279,-0.100,1.010,-0.121,-275.482,112.223,-137.626
0.606,0.636,-0.381,-0.287,-0.075,1.022,-0.069,-256.463,114.089,-125.341
0.609,0.635,-0.374,-0.295,-0.047,0.990,-0.102,-280.505,102.907,-119.480
0.615,0.628,-0.366,-0.306,-0.024,1.049,0.011,-282.502,95.479,-120.727
0.620,0.623,-0.360,-0.313,-0.042,0.997,-0.026,-298.194,88.778,-102.076
0.622,0.622,-0.358,-0.313,-0.029,0.971,-0.079,-289.821,101.060,-114.536
0.620,0.623,-0.361,-0.311,-0.075,1.033,-0.144,-274.037,102.919,-107.995
0.618,0.622,-0.365,-0.313,-0.061,1.002,-0.073,-275.672,95.599,-115.171
0.615,0.622,-0.367,-0.317,-0.032,0.934,-0.080,-291.997,93.578,-112.819
0.613,0.621,-0.369,-0.321,-0.060,0.988,-0.077,-277.604,85.266,-119.327
0.611,0.618,-0.370,-0.328,-0.052,1.011,-0.021,-288.209,84.977,-121.730
0.608,0.617,-0.369,-0.337,-0.002,0.988,-0.047,-296.106,75.762,-115.256
0.603,0.618,-0.364,-0.349,0.035,0.976,-0.010,-303.346,69.669,-117.734
0.597,0.621,-0.362,-0.356,0.017,0.996,-0.063,-295.847,64.141,-126.889
0.591,0.625,-0.362,-0.359,0.027,0.988,-0.075,-282.290,52.654,-121.481
0.581,0.632,-0.366,-0.360,0.025,1.021,-0.087,-302.714,49.387,-141.055
0.566,0.642,-0.374,-0.357,0.019,1.032,-0.048,-291.439,44.028,-153.363
0.541,0.661,-0.389,-0.345,0.035,0.927,-0.224,-281.338,43.186,-173.073
0.500,0.690,-0.412,-0.322,0.043,0.919,-0.335,-257.309,47.535,-212.795
0.459,0.716,-0.432,-0.300,-0.008,0.844,-0.471,-213.296,51.115,-257.964
0.422,0.735,-0.450,-0.280,0.028,0.831,-0.467,-186.690,52.349,-282.992
0.381,0.754,-0.467,-0.260,0.030,0.878,-0.600,-159.012,37.337,-306.320
0.329,0.776,-0.483,-0.235,0.041,0.744,-0.711,-111.866,29.194,-351.450
0.277,0.794,-0.499,-0.207,0.043,0.589,-0.762,-63.561,25.305,-383.417
0.233,0.806,-0.512,-0.182,0.037,0.596,-0.796,-25.551,30.972,-386.949
0.186,0.818,-0.521,-0.158,0.058,0.449,-0.847,19.922,16.479,-408.247
0.142,0.827,-0.529,-0.129,0.078,0.286,-0.917,68.832,25.449,-412.397
0.119,0.833,-0.531,-0.100,0.009,0.378,-0.998,116.259,44.692,-415.169
0.095,0.835,-0.538,-0.068,-0.042,0.250,-0.959,157.569,47.461,-415.867
0.070,0.829,-0.554,-0.029,-0.225,0.715,-1.240,181.648,73.277,-413.117
0.047,0.833,-0.551,-0.014,-0.166,0.171,-1.163,209.390,70.963,-399.734
0.029,0.832,-0.553,-0.028,0.071,0.145,-0.979,192.861,45.484,-408.787
0.011,0.834,-0.551,-0.030,0.023,0.043,-1.081,225.216,46.515,-410.471
-0.006,0.834,-0.551,-0.031,0.016,0.031,-0.965,231.467,31.839,-404.632
-0.013,0.832,-0.554,-0.032,0.093,0.052,-0.991,245.615,26.379,-405.267
-0.011,0.832,-0.554,-0.029,0.034,0.043,-0.998,241.827,34.980,-396.355
-0.012,0.832,-0.554,-0.024,0.050,0.015,-1.040,240.306,30.619,-403.589
-0.007,0.832,-0.555,-0.017,-0.005,0.022,-1.058,242.945,49.938,-405.533
-0.007,0.833,-0.554,-0.009,-0.029,-0.014,-1.038,250.431,53.180,-408.929
-0.004,0.832,-0.555,0.000,-0.011,0.031,-1.052,256.590,58.949,-388.663
-0.003,0.832,-0.555,0.009,-0.069,-0.020,-0.961,250.057,61.842,-397.240
-0.003,0.833,-0.553,0.022,-0.038,-0.023,-1.042,256.937,67.827,-388.833
0.004,0.832,-0.553,0.043,-0.148,-0.042,-1.117,266.780,78.605,-396.911
-0.003,0.832,-0.553,0.046,-0.088,-0.083,-1.066,269.422,72.585,-385.126
-0.013,0.833,-0.551,0.047,-0.167,-0.074,-1.136,285.101,88.055,-398.017
-0.030,0.835,-0.548,0.039,0.143,0.152,-1.007,283.441,72.935,-379.944
-0.066,0.836,-0.544,0.045,-0.078,-0.037,-0.933,316.248,69.232,-362.366
-0.107,0.834,-0.537,0.064,-0.032,-0.343,-1.113,341.453,59.328,-341.334
-0.146,0.832,-0.531,0.066,-0.042,-0.350,-1.051,366.285,42.482,-348.234
-0.177,0.826,-0.529,0.081,-0.002,-0.292,-0.992,386.759,51.614,-325.808
-0.210,0.818,-0.527,0.097,0.092,-0.412,-0.953,407.080,43.153,-311.937
-0.254,0.809,-0.518,0.113,0.005,-0.485,-0.854,424.255,55.183,-292.345
-0.302,0.795,-0.509,0.135,0.025,-0.484,-0.744,470.309,45.750,-260.577
-0.353,0.776,-0.497,0.161,0.163,-0.673,-0.645,484.124,38.245,-227.182
-0.405,0.755,-0.481,0.185,0.058,-0.683,-0.651,533.966,35.813,-164.707
-0.455,0.732,-0.461,0.213,0.147,-0.834,-0.481,535.385,44.048,-123.557
-0.492,0.712,-0.441,0.237,0.166,-0.776,-0.342,546.363,51.279,-93.223
-0.526,0.690,-0.421,0.265,0.067,-0.897,-0.237,529.317,64.644,-39.391
-0.555,0.667,-0.396,0.300,0.001,-0.990,-0.185,548.696,82.221,6.583
-0.580,0.645,-0.377,0.324,-0.006,-1.057,-0.082,544.638,85.873,46.616
-0.601,0.625,-0.351,0.353,-0.063,-0.863,0.061,510.546,81.397,75.040
-0.621,0.604,-0.326,0.378,-0.051,-1.049,0.129,510.209,104.692,95.340
-0.637,0.585,-0.308,0.396,-0.043,-1.098,0.146,494.027,103.694,125.737
-0.647,0.570,-0.297,0.409,-0.074,-0.846,0.192,479.157,108.938,138.231
-0.655,0.558,-0.286,0.421,-0.003,-1.231,0.187,493.098,120.962,152.080
-0.660,0.553,-0.281,0.424,-0.083,-0.959,0.228,466.981,114.026,165.362
-0.665,0.549,-0.277,0.423,-0.055,-1.031,0.232,462.665,113.696,177.408
-0.669,0.550,-0.274,0.417,-0.037,-0.986,0.296,477.738,131.909,176.320
-0.673,0.552,-0.267,0.413,-0.076,-0.960,0.259,475.432,130.237,183.854
-0.674,0.556,-0.263,0.408,-0.077,-1.036,0.295,469.749,127.535,157.601
-0.674,0.560,-0.262,0.403,-0.076,-1.005,0.307,470.780,137.598,176.581
-0.670,0.566,-0.266,0.399,-0.065,-1.040,0.284,473.936,133.676,151.371
-0.657,0.580,-0.282,0.390,-0.036,-1.024,0.178,472.018,114.573,141.456
-0.632,0.606,-0.306,0.374,-0.035,-0.968,0.124,495.968,130.597,110.403
-0.610,0.626,-0.321,0.365,-0.096,-0.921,0.088,512.178,114.056,68.487
-0.587,0.645,-0.337,0.354,-0.056,-1.063,-0.123,521.701,98.418,49.060
-0.554,0.677,-0.362,0.321,0.011,-0.920,-0.214,536.839,98.123,5.444
-0.518,0.704,-0.388,0.291,-0.022,-0.817,-0.199,536.272,84.294,-53.382
-0.467,0.736,-0.408,0.272,-0.021,-0.859,-0.448,520.705,81.519,-93.897
-0.410,0.763,-0.433,0.248,0.076,-0.692,-0.430,504.543,98.057,-142.099
-0.354,0.783,-0.458,0.230,0.019,-0.695,-0.643,492.249,94.320,-207.880
-0.283,0.796,-0.490,0.217,-0.135,-0.545,-0.805,463.924,107.177,-234.710
-0.191,0.806,-0.525,0.194,-0.053,-0.476,-1.065,447.596,114.892,-285.707
-0.112,0.813,-0.547,0.162,-0.147,-0.277,-1.073,382.265,134.080,-318.126
-0.058,0.818,-0.558,0.130,-0.168,-0.165,-0.975,348.132,124.707,-351.663
-0.025,0.821,-0.561,0.105,-0.172,-0.078,-1.280,316.730,129.811,-361.952
-0.028,0.827,-0.556,0.075,-0.155,-0.230,-1.244,301.371,125.155,-377.331
-0.049,0.831,-0.552,0.041,-0.017,-0.151,-0.823,280.618,78.901,-388.765
-0.046,0.834,-0.550,0.021,-0.065,-0.050,-1.166,279.357,62.919,-407.631
-0.048,0.835,-0.547,-0.002,0.082,-0.190,-1.053,280.891,58.511,-406.157
-0.050,0.836,-0.545,-0.027,0.104,0.005,-0.796,271.552,33.261,-415.584
-0.054,0.837,-0.544,-0.027,0.119,-0.105,-0.912,270.804,34.980,-431.826
-0.044,0.836,-0.546,-0.020,-0.097,0.517,-1.262,251.397,50.545,-426.661
0.014,0.845,-0.534,-0.022,0.125,-0.500,-1.428,214.247,71.456,-420.674
0.011,0.842,-0.539,-0.028,0.073,0.022,-0.851,212.094,71.774,-444.206
0.031,0.836,-0.546,-0.038,-0.242,0.367,-1.319,185.049,66.504,-444.200
0.016,0.836,-0.547,-0.045,0.214,-0.062,-0.881,201.248,48.997,-427.006
0.008,0.836,-0.547,-0.050,0.024,0.075,-0.893,198.735,49.207,-444.608
0.017,0.834,-0.549,-0.041,0.062,0.041,-1.133,196.929,74.006,-428.690
0.023,0.832,-0.553,-0.035,-0.009,0.117,-1.050,214.390,56.877,-432.250
0.027,0.831,-0.555,-0.031,0.036,0.111,-0.999,198.477,60.827,-432.976
0.027,0.831,-0.555,-0.030,0.036,0.077,-1.010,202.173,72.671,-427.460
0.030,0.831,-0.555,-0.023,-0.047,0.079,-1.023,209.414,78.764,-424.983
0.035,0.831,-0.555,-0.016,-0.023,0.089,-1.054,210.948,74.355,-423.509
0.031,0.832,-0.554,-0.012,-0.017,0.045,-1.019,207.931,89.037,-423.605
0.035,0.832,-0.554,-0.008,-0.054,0.065,-1.066,194.092,88.741,-431.751
0.041,0.831,-0.554,-0.002,-0.074,0.088,-1.023,213.652,90.769,-428.361
0.038,0.831,-0.555,0.001,-0.065,0.054,-1.034,206.462,90.540,-427.987
0.037,0.829,-0.558,0.002,-0.053,0.013,-1.030,195.844,99.020,-424.631
0.039,0.823,-0.567,-0.003,-0.120,0.091,-1.042,202.442,93.223,-418.962
0.040,0.814,-0.580,-0.007,-0.050,0.036,-1.045,211.757,95.070,-423.905
0.040,0.800,-0.599,-0.012,-0.038,0.076,-1.085,195.150,81.265,-424.291
0.045,0.783,-0.620,-0.025,-0.006,0.115,-0.740,209.686,58.374,-442.375
0.050,0.761,-0.647,-0.029,-0.057,-0.013,-0.837,201.919,43.349,-441.717
0.074,0.727,-0.682,-0.034,-0.013,0.116,-1.078,198.477,60.827,-432.976
0.101,0.681,-0.724,-0.036,-0.181,0.313,-1.065,176.264,48.250,-428.662
0.116,0.633,-0.765,-0.040,-0.204,0.312,-0.948,179.744,45.405,-428.792
0.121,0.589,-0.797,-0.044,-0.115,0.376,-0.949,194.035,25.365,-441.003
0.128,0.553,-0.823,-0.038,-0.204,0.225,-0.962,208.170,28.674,-435.878
0.145,0.509,-0.848,-0.031,-0.270,0.308,-0.866,216.611,12.711,-437.517
0.158,0.468,-0.869,-0.013,-0.214,0.148,-1.196,212.605,6.624,-434.252
0.155,0.423,-0.893,0.010,-0.240,0.170,-0.938,236.882,-1.614,-426.497
0.149,0.378,-0.913,0.033,-0.235,0.167,-1.024,252.384,-11.537,-422.693
0.133,0.338,-0.929,0.068,-0.200,0.046,-1.032,276.906,-22.627,-420.811
0.118,0.301,-0.942,0.091,-0.207,0.061,-1.121,293.646,-39.972,-412.512
0.105,0.276,-0.950,0.098,-0.187,-0.017,-0.914,312.216,-58.712,-405.761
0.099,0.260,-0.955,0.102,-0.151,0.057,-0.960,313.223,-72.053,-401.152
0.096,0.260,-0.955,0.102,-0.190,-0.078,-1.079,309.743,-69.208,-401.022
0.088,0.265,-0.954,0.107,-0.147,-0.251,-0.936,323.083,-95.383,-401.260
0.080,0.264,-0.954,0.115,-0.142,-0.129,-0.927,324.732,-96.832,-399.843
0.082,0.263,-0.954,0.114,-0.187,-0.134,-1.028,311.175,-85.345,-405.251
0.089,0.264,-0.954,0.114,-0.181,-0.105,-0.971,312.053,-92.875,-394.826
0.094,0.264,-0.953,0.118,-0.217,-0.141,-1.047,319.885,-80.755,-398.392
0.095,0.266,-0.952,0.120,-0.204,-0.113,-1.058,311.226,-79.481,-402.400
0.095,0.274,-0.950,0.117,-0.191,-0.086,-1.004,307.581,-85.459,-405.064
0.098,0.291,-0.945,0.110,-0.206,-0.013,-1.012,309.101,-81.099,-397.830
0.102,0.322,-0.936,0.101,-0.223,-0.005,-0.946,309.448,-72.221,-398.000
0.114,0.368,-0.919,0.087,-0.294,0.111,-1.038,324.881,-53.900,-405.019
0.127,0.431,-0.891,0.071,-0.297,0.024,-1.023,284.289,-15.510,-390.290
0.135,0.500,-0.854,0.050,-0.249,0.055,-1.059,296.914,0.007,-411.889
0.111,0.569,-0.814,0.043,-0.163,0.099,-1.144,295.329,-1.448,-416.214
0.075,0.635,-0.768,0.036,-0.136,0.040,-0.873,301.835,13.198,-396.118
0.048,0.698,-0.713,0.038,-0.169,0.060,-1.000,308.263,23.916,-406.974
0.009,0.759,-0.650,0.042,-0.074,-0.085,-0.886,318.775,44.650,-390.143
-0.015,0.812,-0.579,0.064,-0.197,-0.269,-1.178,331.529,69.960,-377.938
-0.034,0.860,-0.507,0.054,-0.042,-0.131,-1.141,336.395,102.626,-378.749
-0.034,0.904,-0.424,0.032,-0.117,-0.070,-0.701,283.179,109.894,-382.042
-0.012,0.943,-0.330,0.045,-0.248,-0.217,-0.804,227.884,146.749,-391.644
-0.016,0.965,-0.253,0.067,-0.102,-0.225,-1.283,197.924,167.889,-386.031
-0.025,0.978,-0.198,0.068,-0.223,-0.094,-1.177,165.441,172.669,-378.531
-0.025,0.989,-0.135,0.055,-0.036,-0.089,-0.718,153.432,170.978,-388.225
-0.027,0.995,-0.073,0.067,-0.203,0.070,-0.879,123.846,183.456,-394.302
-0.057,0.994,-0.005,0.091,-0.224,-0.049,-1.101,120.689,187.378,-369.092
-0.083,0.990,0.062,0.099,-0.229,-0.294,-0.960,103.191,189.873,-374.143
-0.098,0.984,0.106,0.101,-0.018,-0.014,-1.175,80.009,205.270,-365.827
-0.086,0.986,0.112,0.089,-0.176,-0.069,-0.889,94.610,179.473,-386.819
-0.072,0.988,0.113,0.083,-0.406,-0.035,-1.018,79.639,172.989,-380.027
-0.048,0.988,0.120,0.088,-0.114,-0.062,-1.080,48.883,164.645,-379.778
-0.039,0.989,0.120,0.078,-0.208,-0.142,-0.931,47.247,157.325,-386.954
-0.036,0.991,0.106,0.074,-0.104,-0.062,-1.066,43.421,151.292,-386.654
-0.024,0.993,0.085,0.073,-0.213,0.071,-0.996,49.567,150.228,-400.248
-0.009,0.995,0.064,0.080,-0.180,0.044,-1.005,30.960,169.937,-375.991
-0.003,0.995,0.031,0.091,-0.094,-0.015,-1.006,43.098,165.818,-372.113
0.018,0.995,-0.027,0.089,-0.298,0.039,-1.084,34.952,184.794,-373.496
0.038,0.991,-0.101,0.081,-0.303,0.104,-1.037,56.240,173.698,-377.357
0.053,0.980,-0.179,0.074,-0.253,0.187,-0.833,63.790,174.035,-383.661
0.074,0.964,-0.245,0.066,-0.144,0.349,-0.914,91.842,165.965,-379.058
0.112,0.950,-0.282,0.073,-0.184,0.250,-0.580,82.758,170.036,-374.228
0.162,0.938,-0.288,0.107,-0.320,0.268,-1.039,64.248,226.814,-357.998
0.194,0.928,-0.285,0.141,-0.275,0.392,-0.977,48.681,255.245,-319.274
0.210,0.924,-0.268,0.175,-0.448,0.285,-0.767,24.159,281.937,-281.536
0.218,0.916,-0.241,0.236,-0.683,0.389,-0.920,28.771,300.884,-256.984
0.220,0.907,-0.218,0.284,-0.541,0.240,-0.785,19.969,332.341,-209.797
0.223,0.890,-0.214,0.334,-0.850,0.242,-0.865,27.260,359.902,-164.848
0.232,0.873,-0.210,0.374,-0.767,0.143,-0.773,24.090,372.593,-133.880
0.237,0.856,-0.213,0.408,-0.787,0.291,-0.506,33.341,392.948,-96.295
0.223,0.833,-0.227,0.452,-0.970,0.064,-0.542,73.065,409.864,-61.698
0.204,0.810,-0.256,0.486,-0.834,0.157,-0.534,97.947,414.486,-26.127
0.185,0.796,-0.293,0.497,-0.838,0.154,-0.568,148.034,393.600,-9.143
0.141,0.783,-0.346,0.497,-1.140,-0.198,-0.552,206.866,401.674,-30.039
0.096,0.768,-0.407,0.485,-0.898,-0.169,-0.599,267.544,374.245,-44.512
0.043,0.764,-0.457,0.454,-0.995,-0.385,-0.528,320.608,333.780,-89.393
-0.008,0.757,-0.491,0.430,-0.729,-0.420,-0.644,375.617,294.879,-135.878
-0.065,0.756,-0.518,0.395,-0.593,-0.460,-0.601,416.339,250.679,-156.422
-0.110,0.749,-0.542,0.365,-0.572,-0.696,-0.616,440.901,213.281,-171.819
-0.119,0.753,-0.576,0.295,-0.402,-0.505,-0.863,443.776,181.974,-239.386
-0.139,0.761,-0.596,0.213,-0.161,-0.426,-0.876,436.321,120.250,-273.400
-0.176,0.767,-0.601,0.140,-0.114,-0.490,-0.919,414.011,55.002,-300.678
-0.203,0.775,-0.597,0.046,-0.008,-0.451,-0.921,402.666,-9.849,-331.483
-0.227,0.779,-0.580,-0.072,0.289,-0.294,-0.757,360.232,-100.691,-367.628
-0.250,0.773,-0.551,-0.189,0.540,-0.221,-0.670,322.179,-178.504,-379.107
-0.260,0.762,-0.517,-0.291,0.563,-0.147,-0.480,279.925,-253.689,-378.597
-0.262,0.749,-0.475,-0.380,1.002,0.065,-0.251,235.334,-287.668,-372.763
-0.242,0.749,-0.440,-0.432,0.911,-0.006,-0.258,206.939,-313.814,-363.466
-0.201,0.760,-0.427,-0.447,0.817,0.079,-0.390,177.778,-304.133,-378.381
-0.151,0.786,-0.423,-0.425,0.854,0.004,-0.568,148.253,-269.220,-401.095
-0.072,0.814,-0.424,-0.391,0.691,0.301,-0.621,104.617,-214.213,-414.564
0.017,0.838,-0.423,-0.343,0.390,0.340,-0.762,55.373,-132.640,-437.063
0.087,0.859,-0.420,-0.281,0.260,0.415,-0.838,17.549,-80.742,-430.095
0.161,0.868,-0.414,-0.221,0.073,0.563,-0.896,0.454,-5.993,-426.064
0.221,0.872,-0.401,-0.173,0.129,0.479,-0.738,-34.546,39.939,-410.276
0.296,0.866,-0.386,-0.113,-0.229,0.773,-0.810,-63.983,110.953,-381.909
0.348,0.860,-0.371,-0.040,-0.318,0.715,-0.894,-94.720,166.954,-341.399
0.368,0.856,-0.360,0.035,-0.379,0.620,-0.775,-66.777,229.040,-290.719
0.371,0.853,-0.351,0.106,-0.545,0.637,-0.703,-45.559,261.791,-265.782
0.333,0.852,-0.356,0.193,-0.679,0.340,-0.908,-6.974,323.197,-243.708
0.305,0.838,-0.381,0.245,-0.567,0.374,-0.743,57.050,339.675,-226.605
0.269,0.820,-0.417,0.286,-0.834,0.186,-0.845,94.030,350.882,-209.497
0.192,0.807,-0.456,0.323,-0.732,0.065,-0.921,182.474,344.542,-196.215
0.129,0.792,-0.500,0.325,-0.752,-0.131,-0.987,270.313,325.342,-210.751
0.062,0.780,-0.547,0.296,-0.708,-0.345,-0.909,315.997,268.024,-232.803
-0.005,0.774,-0.584,0.246,-0.706,-0.390,-1.219,369.837,208.301,-272.962
-0.066,0.778,-0.607,0.150,-0.415,-0.152,-0.953,365.889,126.194,-318.625
-0.148,0.782,-0.604,0.045,-0.137,-0.420,-0.945,371.441,20.649,-358.466
-0.210,0.787,-0.577,-0.065,0.145,-0.341,-0.565,356.403,-81.384,-381.057
-0.204,0.801,-0.530,-0.188,0.700,0.047,-0.238,292.127,-152.523,-398.687
-0.149,0.829,-0.478,-0.249,0.694,-0.016,-0.079,225.266,-154.265,-418.850
-0.091,0.858,-0.452,-0.225,0.456,-0.161,-0.456,182.429,-110.717,-452.846
0.001,0.877,-0.457,-0.148,0.108,0.182,-0.848,147.060,-14.214,-458.587
0.089,0.877,-0.469,-0.059,-0.136,0.476,-1.134,105.162,75.444,-419.557
0.088,0.865,-0.493,0.022,-0.434,0.140,-1.471,143.464,125.067,-400.220
0.071,0.832,-0.548,0.059,-0.397,0.231,-1.414,202.322,131.206,-393.016
0.065,0.798,-0.598,0.033,-0.270,0.317,-1.172,215.121,104.869,-384.360
0.029,0.782,-0.623,0.003,0.014,0.149,-0.810,260.542,84.511,-408.509
-0.004,0.782,-0.623,-0.019,0.204,0.031,-1.035,237.238,39.436,-406.537
-0.019,0.804,-0.594,-0.036,0.130,-0.068,-1.083,237.728,33.734,-418.283
-0.028,0.831,-0.555,-0.019,-0.096,-0.077,-1.186,251.577,50.599,-429.626
-0.049,0.845,-0.533,0.014,0.048,-0.207,-1.149,265.144,71.285,-404.088
-0.053,0.842,-0.535,0.043,0.047,-0.079,-1.101,281.247,99.561,-386.197
-0.064,0.832,-0.546,0.071,0.092,-0.269,-0.999,295.576,94.155,-389.797
-0.093,0.822,-0.552,0.110,-0.138,-0.206,-1.353,345.092,115.985,-366.130
-0.140,0.806,-0.556,0.147,-0.219,-0.355,-0.873,368.699,113.394,-343.664
-0.195,0.779,-0.571,0.170,-0.109,-0.387,-0.847,413.348,102.559,-319.187
-0.255,0.748,-0.586,0.179,0.227,-0.335,-0.715,446.107,67.653,-290.730
-0.323,0.726,-0.571,0.208,-0.097,-0.486,-0.850,481.287,52.980,-230.244
-0.384,0.701,-0.546,0.253,-0.046,-0.838,-0.330,529.892,57.971,-172.263
-0.444,0.664,-0.517,0.307,0.015,-0.720,-0.648,539.833,28.833,-88.070
-0.521,0.608,-0.477,0.361,0.260,-0.736,-0.111,540.234,49.441,7.581
-0.562,0.551,-0.453,0.418,0.235,-0.940,0.231,451.622,170.751,10.065
-0.611,0.489,-0.418,0.461,0.130,-0.744,0.225,433.031,171.955,81.912
-0.680,0.408,-0.351,0.499,0.188,-0.853,0.500,339.543,151.442,165.375
-0.727,0.383,-0.274,0.500,-0.060,-0.714,0.915,275.657,176.930,202.206
-0.762,0.341,-0.223,0.503,0.071,-0.536,0.950,250.170,190.654,218.056
-0.802,0.280,-0.187,0.493,0.104,-0.378,0.611,172.217,184.589,260.584
-0.832,0.232,-0.143,0.484,0.042,-0.335,0.972,135.146,193.825,257.903
-0.863,0.166,-0.087,0.469,0.018,-0.125,0.731,55.337,191.091,273.878
-0.885,0.122,-0.020,0.448,-0.147,-0.069,1.088,12.014,215.002,265.359
-0.897,0.070,0.033,0.434,0.024,0.014,0.920,-62.259,239.285,265.813
-0.908,0.021,0.073,0.412,-0.062,0.174,1.309,-92.657,256.389,246.403
-0.916,-0.015,0.078,0.392,-0.052,0.111,1.296,-114.628,266.299,231.114
-0.923,-0.056,0.063,0.375,-0.017,0.302,1.042,-134.415,233.014,241.568
-0.928,-0.089,0.065,0.357,-0.052,0.294,1.014,-166.215,223.376,228.598
-0.933,-0.102,0.058,0.342,0.024,0.311,1.131,-181.057,211.082,229.573
-0.936,-0.085,0.028,0.340,0.112,0.312,1.063,-140.404,210.729,237.826
-0.943,-0.042,0.004,0.329,0.049,0.119,1.081,-125.508,203.549,253.432
-0.947,0.022,-0.020,0.319,0.052,-0.057,1.509,-79.740,207.672,268.732
-0.944,0.080,-0.060,0.314,0.314,-0.105,1.123,-27.989,176.567,281.373
-0.936,0.136,-0.098,0.311,0.186,-0.079,0.962,54.038,176.078,286.021
-0.919,0.212,-0.115,0.313,0.074,-0.238,0.859,122.936,158.941,290.153
-0.883,0.310,-0.163,0.313,0.018,-0.480,0.541,205.144,142.903,252.216
-0.835,0.415,-0.192,0.308,0.116,-1.059,0.898,292.217,159.531,213.469
-0.782,0.497,-0.242,0.288,0.174,-0.539,0.556,360.470,140.238,167.443
-0.671,0.621,-0.294,0.278,0.005,-0.664,0.171,455.183,146.496,54.616
-0.537,0.731,-0.344,0.242,0.055,-0.321,-0.248,486.500,141.332,-112.365
-0.435,0.792,-0.369,0.216,-0.023,-0.805,-0.486,492.846,157.858,-207.522
-0.319,0.852,-0.374,0.181,-0.206,-0.705,-0.742,454.935,158.053,-291.256
-0.207,0.889,-0.383,0.139,-0.094,-0.261,-0.806,398.971,169.349,-365.387
-0.142,0.904,-0.387,0.114,-0.027,-0.178,-0.909,364.127,176.329,-406.554
-0.098,0.918,-0.374,0.093,0.071,-0.311,-0.461,316.747,188.290,-414.660
0.050,0.931,-0.355,0.062,-0.123,0.115,-0.998,218.014,230.494,-472.345
0.171,0.928,-0.328,0.047,-0.229,0.164,-0.830,106.401,243.461,-483.070
0.268,0.912,-0.308,0.041,-0.217,0.586,-0.770,18.932,279.339,-493.953
0.393,0.871,-0.290,0.046,-0.114,0.642,-0.694,-63.778,309.849,-438.511
0.513,0.813,-0.265,0.074,-0.794,1.011,-0.393,-130.681,365.621,-362.157
0.590,0.759,-0.253,0.111,-0.559,0.999,-0.502,-169.172,413.431,-287.129
0.646,0.709,-0.243,0.140,-0.562,1.361,0.170,-166.974,392.671,-187.908
0.715,0.651,-0.221,0.128,-0.745,1.140,-0.117,-145.050,290.175,-21.823
0.784,0.573,-0.195,0.138,-0.545,0.799,0.213,-162.893,289.659,66.265
0.845,0.489,-0.169,0.137,-0.471,0.958,0.303,-161.896,275.352,129.983
0.901,0.390,-0.134,0.137,-0.396,0.850,0.844,-143.530,264.360,204.567
0.949,0.280,-0.072,0.124,-0.331,0.468,0.452,-96.208,220.230,282.661
0.978,0.165,-0.027,0.129,-0.162,0.442,1.114,-35.910,175.155,352.715
0.984,0.120,0.042,0.128,-0.142,0.491,0.751,-2.797,98.448,408.462
0.987,0.089,0.086,0.104,0.082,0.290,1.013,5.417,51.228,420.667
0.987,0.071,0.115,0.082,0.082,0.292,1.035,7.819,7.117,412.435
0.986,0.042,0.153,0.049,0.156,-0.128,0.762,37.405,-5.362,418.512
0.983,0.022,0.180,0.023,0.318,0.072,0.867,21.999,-41.222,414.011
0.979,0.042,0.197,0.012,0.350,0.097,0.894,12.360,-44.146,393.875
0.964,0.066,0.258,-0.007,0.147,0.030,0.521,-74.357,26.055,273.045
0.955,0.119,0.272,-0.019,0.657,0.440,0.735,-111.517,14.793,258.902
0.943,0.179,0.281,-0.006,0.460,0.330,0.747,-157.285,10.670,243.602
0.919,0.268,0.288,0.010,0.538,0.450,0.693,-198.390,15.756,216.086
0.887,0.345,0.307,0.027,0.584,0.415,0.323,-251.351,36.743,187.430
0.856,0.437,0.271,0.052,0.197,0.703,0.439,-297.544,35.418,180.968
0.814,0.538,0.209,0.072,0.248,0.892,0.091,-293.544,-0.404,210.922
0.759,0.624,0.145,0.116,-0.053,0.910,0.362,-313.026,78.480,138.186
0.708,0.675,0.077,0.190,-0.242,1.088,0.119,-264.797,153.513,67.938
0.673,0.684,0.005,0.283,-0.624,0.812,0.013,-253.340,246.663,84.956
0.621,0.669,-0.103,0.395,-0.922,0.840,0.432,-136.691,342.432,50.716
0.602,0.612,-0.174,0.482,-0.784,0.996,0.276,-49.604,381.497,85.448
0.584,0.555,-0.256,0.534,-0.864,0.113,-0.141,77.224,387.766,123.128
0.513,0.552,-0.331,0.568,-1.259,0.749,0.274,155.989,389.207,93.933
0.440,0.570,-0.374,0.584,-1.174,0.219,0.021,225.605,397.624,72.476
0.343,0.599,-0.450,0.566,-1.009,0.286,-0.504,312.387,370.297,10.860
0.218,0.660,-0.489,0.527,-1.368,0.012,0.098,362.407,346.449,-62.217
0.135,0.686,-0.532,0.477,-0.981,-0.441,-0.596,419.195,300.289,-113.101
0.058,0.708,-0.598,0.370,-0.708,-0.305,-0.908,402.422,230.852,-235.140
-0.025,0.728,-0.638,0.250,-0.642,-0.333,-0.829,426.489,126.042,-284.811
-0.115,0.734,-0.653,0.146,0.685,-0.362,0.877,428.691,17.531,-330.338
-0.175,0.741,-0.647,0.045,0.075,-0.389,-0.657,359.673,25.843,-427.382
-0.211,0.749,-0.621,-0.096,0.208,-0.266,-0.757,315.862,-68.336,-442.716
-0.193,0.763,-0.564,-0.248,0.403,0.090,-0.830,256.419,-146.782,-456.038
-0.193,0.766,-0.489,-0.369,0.649,-0.007,-0.678,211.125,-215.086,-430.375
-0.213,0.728,-0.425,-0.494,0.589,0.128,-0.394,189.539,-274.252,-376.544
-0.234,0.689,-0.359,-0.585,0.912,0.022,-0.227,174.639,-318.717,-305.582
-0.242,0.635,-0.274,-0.681,1.072,-0.055,0.249,147.819,-344.374,-232.851
-0.198,0.593,-0.200,-0.754,0.886,-0.149,0.131,138.789,-359.778,-211.439
-0.127,0.543,-0.148,-0.817,0.607,0.029,0.741,71.132,-359.798,-157.727
-0.062,0.499,-0.137,-0.853,0.861,0.142,0.507,41.226,-358.133,-135.533
0.019,0.465,-0.141,-0.874,0.755,0.223,0.567,-25.404,-338.354,-116.190
0.109,0.410,-0.134,-0.895,0.470,0.379,0.599,-79.148,-324.414,-76.729
0.178,0.350,-0.141,-0.909,0.436,0.551,0.729,-135.456,-300.525,-18.101
0.229,0.278,-0.184,-0.915,0.355,0.165,0.458,-172.984,-230.011,25.464
0.257,0.185,-0.258,-0.913,0.125,0.583,0.890,-219.559,-156.394,42.851
0.278,0.094,-0.318,-0.902,-0.207,1.035,1.524,-279.942,-110.348,93.922
0.314,0.084,-0.378,-0.867,0.763,1.377,0.313,-305.185,-99.474,103.900
0.293,0.049,-0.402,-0.866,-0.465,0.384,1.511,-296.720,-92.034,116.632
0.287,0.024,-0.425,-0.858,-0.217,0.732,0.327,-296.560,-125.119,152.646
0.300,0.023,-0.424,-0.854,-0.190,0.740,0.563,-286.741,-122.141,169.817
0.325,0.048,-0.412,-0.850,-0.195,0.693,0.879,-296.223,-132.811,171.965
0.351,0.098,-0.418,-0.832,-0.277,0.405,0.494,-274.266,-149.555,153.394
0.386,0.131,-0.421,-0.810,-0.033,0.838,1.247,-306.375,-169.039,109.585
0.427,0.200,-0.427,-0.772,-0.633,1.071,-0.842,-314.959,-154.100,83.180
0.458,0.229,-0.459,-0.726,-0.056,0.953,0.529,-334.331,-129.768,3.987
0.497,0.272,-0.455,-0.687,0.088,0.830,0.339,-357.647,-6.238,-95.909
0.516,0.336,-0.489,-0.618,-0.331,1.048,0.064,-373.217,16.327,-150.153
0.534,0.392,-0.514,-0.545,-0.101,0.744,0.237,-354.760,46.272,-229.914
0.546,0.472,-0.534,-0.441,-0.241,0.729,-0.020,-311.114,100.422,-296.613
0.528,0.568,-0.560,-0.292,-0.325,0.824,-0.468,-237.227,145.215,-366.187
0.486,0.650,-0.572,-0.118,-0.685,0.747,-0.732,-144.001,218.291,-412.128
0.433,0.703,-0.564,0.003,-0.616,0.552,-0.745,-15.197,275.833,-434.521
0.395,0.736,-0.543,0.081,-0.678,0.323,-0.913,38.454,297.939,-419.935
0.334,0.775,-0.513,0.158,-0.617,0.249,-1.116,87.660,325.526,-387.487
0.261,0.813,-0.486,0.187,-0.455,0.198,-0.967,146.440,343.339,-371.614
0.198,0.840,-0.478,0.167,-0.518,0.114,-0.904,160.616,320.339,-383.769
0.124,0.862,-0.467,0.155,-0.383,-0.036,-0.851,191.043,270.094,-415.497
0.046,0.881,-0.449,0.145,-0.437,0.147,-0.729,251.864,243.687,-401.927
0.032,0.890,-0.443,0.102,-0.219,-0.155,-0.764,239.203,197.933,-428.559
0.020,0.897,-0.436,0.073,-0.187,0.060,-1.022,235.686,186.144,-437.040
0.014,0.907,-0.419,0.052,-0.160,0.192,-0.847,224.929,168.261,-447.998
0.012,0.912,-0.406,0.060,-0.124,0.060,-1.056,234.050,178.824,-444.217
0.003,0.918,-0.393,0.058,-0.260,-0.078,-0.982,245.066,185.085,-444.891
0.018,0.922,-0.385,0.030,-0.083,0.143,-1.129,233.857,171.936,-475.112
0.025,0.926,-0.377,0.011,-0.023,0.089,-0.972,213.770,160.976,-475.367
0.043,0.927,-0.372,0.011,-0.124,0.215,-1.274,201.179,169.829,-498.507
0.046,0.929,-0.368,0.004,-0.058,0.252,-0.938,181.361,179.421,-490.264
0.068,0.930,-0.361,-0.003,-0.001,0.386,-1.219,174.596,176.395,-498.728
0.090,0.931,-0.355,-0.010,-0.155,0.235,-1.122,148.310,185.975,-501.970
0.100,0.930,-0.352,-0.017,0.062,0.299,-1.015,138.814,184.074,-494.062
0.096,0.931,-0.351,-0.031,0.108,0.281,-0.942,138.804,151.901,-514.192
0.104,0.927,-0.359,-0.041,0.013,0.431,-0.925,139.988,163.954,-526.278
0.125,0.917,-0.370,-0.074,-0.040,0.427,-1.418,113.446,144.213,-543.777
0.123,0.905,-0.398,-0.092,-0.563,0.611,-1.129,129.360,124.659,-582.671
0.109,0.900,-0.417,-0.071,-0.136,-0.269,-1.110,119.619,125.609,-568.891
0.075,0.898,-0.430,-0.058,0.002,-0.585,-1.125,158.095,117.774,-558.919
0.052,0.900,-0.432,-0.039,0.014,-0.349,-1.021,152.929,107.435,-568.817
0.056,0.900,-0.432,-0.030,-0.208,0.216,-1.070,164.768,125.641,-575.648
0.052,0.913,-0.405,-0.017,-0.002,-0.304,-0.787,164.153,111.815,-544.356
0.063,0.921,-0.383,-0.014,0.075,0.196,-0.843,156.173,139.614,-542.945
0.068,0.923,-0.378,-0.018,-0.075,0.345,-0.974,154.810,127.507,-527.894
0.077,0.924,-0.375,-0.008,0.088,0.408,-0.964,162.074,157.003,-511.046
0.084,0.923,-0.375,0.001,-0.270,0.937,-3.104,157.268,162.375,-487.254
0.075,0.922,-0.380,0.001,-0.045,0.241,-1.031,177.845,167.632,-498.745
0.073,0.917,-0.392,-0.003,-0.093,0.269,-0.997,198.707,159.333,-493.768
0.074,0.913,-0.402,-0.001,-0.149,0.144,-1.033,196.887,177.298,-511.709
0.071,0.911,-0.405,0.000,-0.094,0.141,-1.006,214.620,155.382,-493.042
0.070,0.911,-0.407,0.001,-0.096,0.140,-1.009,206.012,162.521,-494.199
0.069,0.910,-0.409,0.001,-0.096,0.138,-1.016,207.842,161.126,-495.746
0.067,0.909,-0.411,0.001,-0.093,0.139,-1.012,200.302,177.359,-508.932
0.066,0.908,-0.413,0.002,-0.095,0.137,-1.013,198.952,156.482,-499.641
0.065,0.907,-0.415,0.002,-0.096,0.135,-1.015,204.247,161.012,-495.559
0.065,0.907,-0.417,0.002,-0.099,0.135,-1.011,200.948,163.910,-498.393
0.064,0.906,-0.419,0.002,-0.095,0.141,-1.015,195.357,156.368,-499.454
0.064,0.905,-0.420,0.003,-0.094,0.139,-1.017,210.444,165.811,-506.302
0.063,0.904,-0.422,0.003,-0.098,0.139,-1.008,200.948,163.910,-498.393
0.063,0.904,-0.424,0.003,-0.099,0.137,-1.014,199.298,165.360,-499.811
0.063,0.903,-0.425,0.003,-0.101,0.137,-1.005,184.327,158.875,-493.019
0.063,0.902,-0.427,0.003,-0.096,0.136,-1.004,217.157,162.973,-500.689
0.062,0.901,-0.428,0.004,-0.095,0.136,-1.005,211.372,164.146,-493.025
0.062,0.901,-0.430,0.004,-0.100,0.139,-1.008,208.434,167.152,-501.789
0.063,0.900,-0.431,0.004,-0.095,0.138,-1.014,202.893,165.474,-499.998
0.063,0.899,-0.432,0.004,-0.091,0.137,-1.014,198.295,153.361,-490.690
0.063,0.899,-0.434,0.004,-0.093,0.134,-1.017,199.594,168.373,-502.832
0.063,0.898,-0.435,0.005,-0.098,0.136,-1.012,209.736,156.826,-500.202
0.063,0.897,-0.437,0.005,-0.097,0.137,-1.014,212.263,147.846,-488.360
0.063,0.897,-0.438,0.005,-0.092,0.136,-1.010,220.276,160.020,-494.890
0.063,0.896,-0.439,0.005,-0.095,0.136,-1.015,206.964,168.656,-506.171
0.063,0.895,-0.441,0.005,-0.095,0.138,-1.017,220.817,160.182,-503.785
0.063,0.895,-0.442,0.005,-0.093,0.139,-1.016,204.298,166.876,-492.708
0.063,0.894,-0.443,0.005,-0.096,0.134,-1.014,209.542,165.541,-491.478
0.064,0.894,-0.444,0.005,-0.095,0.134,-1.020,209.621,153.866,-500.145
0.064,0.893,-0.446,0.005,-0.098,0.137,-1.015,204.298,166.876,-492.708
0.064,0.892,-0.447,0.005,-0.094,0.138,-1.014,191.877,159.212,-499.323
0.064,0.892,-0.448,0.005,-0.098,0.134,-1.012,200.948,163.910,-498.393
0.064,0.891,-0.449,0.005,-0.098,0.135,-1.014,197.714,163.904,-504.136
0.064,0.890,-0.451,0.005,-0.096,0.137,-1.017,213.923,162.967,-506.432
0.064,0.890,-0.452,0.006,-0.101,0.139,-1.012,194.867,162.070,-487.708
0.064,0.889,-0.453,0.006,-0.094,0.132,-1.015,207.713,166.936,-489.930
0.065,0.889,-0.454,0.006,-0.095,0.133,-1.011,204.312,158.106,-498.467
0.065,0.888,-0.455,0.006,-0.093,0.136,-1.015,204.852,158.269,-507.362
